-4.5190468125987318
-0.2363447676394159
-8.1795654300022136
-8.2141062783768071
5.3028802566623439
6.1290810495557020
-1.2890368635800824
5.1876965018953216
-9.3078743684983731
4.8009439888086911
7.8157965004572958
5.4692603776287667
3.8699119984921424
-9.9183970842095093
5.2914828383130983
-9.2213794836900629
8.1782368231506073
-3.0203924451340685
10.0555362741591328
-2.7664307422833856
1.4671390607918342
9.3911820171103564
-3.1539075593539776
9.2245155647179899
7.4569141066693057
2.1880897763973794
-1.2676565872659196
-4.1506980025561777
-6.4464742428907602
4.1556517284653340
9.3541484912346107
8.6854700793742659
0.0857620771913079
3.3706857661764396
1.1762950100612983
0.4592629907336978
-8.9458280621747619
-7.9385620843116920
-9.8636624586434181
-5.5058324662779032
7.3189944006921070
-4.4908256696425815
9.7848856515451406
2.9879701382632735
9.5085447691908271
0.1622564912153969
-8.9883465167975096
9.9033612080083540
-0.7639196997080756
-0.6765091410009884
9.0374189569108907
9.9089177899437875
-5.4900998164594261
4.1447567319333629
-7.2385309767389199
7.0672830171925627
-2.7638107367505516
7.3712006956581551
5.6895855095871797
9.5229417623846579
-7.7914415702166551
0.4109078784394888
-1.3342420604741525
-6.5766744906679291
9.3807021154020731
-5.9768613013059664
2.2486451626068265
-4.1095512796009119
-8.7709740237519735
9.2612751785621938
-3.5747720603012545
-7.8590166069710783
-2.7681586207583884
-6.0201819665581464
9.4858842718907539
-6.0353802395054910
2.1859395667741817
2.6150948758900556
-0.3470277440489624
-4.0090359446234656
2.7942934270160418
-0.6335449813098564
6.5583186537364702
-1.2225476825662214
1.2289796162759430
-7.7793076818680218
-1.6237528260207403
-0.2303113603973559
9.5514189343073088
4.3209661534064594
4.8988290730528767
4.3859169463460130
-1.0851941614103677
-1.1597091147150826
-0.5695664078148910
-3.4686742252965699
-5.8789279046136391
-5.9157302802510729
4.2998757321604781
-6.2407952823685928
2.5190437595667365
5.2548332346249946
-8.9761918736639270
-4.7541220426428357
3.5023681707783463
-4.8868094463608100
-7.4383941479797429
-9.7979088552716043
8.9398654067817400
-5.7238845213248402
-7.3874557240884595
9.1911254276399283
-3.3908009707090452
-4.8569880227780162
8.4173034580490214
-6.5906597365535546
2.5214423914149986
-3.8668441417951316
1.6403771557126463
9.5036882895388324
9.4922752197372304
6.7631172162007127
-8.8403892291578643
-6.6544235106409086
-1.1417686677889545
4.7442705248032837
-7.6230504343638810
7.3298051656591534
4.5498512575455674
-0.9380357688842267
0.6808262933033957
2.6428678079344294
-9.3129023223358516
-5.0259609866376014
-6.2062910685604695
-7.2543517599560232
2.4802556014901351
5.1988358535550887
-0.3690862883289676
4.7843799006266199
-5.5456875805741745
-2.0513994021746100
-3.2185198335361251
7.7260843215255282
-2.8677483149053971
-2.0241498264554854
-7.9564290827169843
-7.6953326824488837
-6.0070659194081237
-4.9797859002947735
4.0300111497693862
4.0497637950988468
7.8514142225163202
-0.4697658053453899
1.3913528328588780
2.7542313707113468
-6.7818770486212561
-0.3255326325389634
6.4792746830534389
8.0184249524832651
1.2151219207178949
4.8457415902180951
0.1017331933894135
-6.3136276157896791
2.1634312514661609
4.7358402217275213
8.3104818072710120
0.2018273855645416
-4.0599003615453295
4.7868618673591419
-6.2369786041355102
2.0778154438474923
4.0901931277751045
-2.5122582626258287
-6.7331013800450350
6.5124431703880692
7.5428809188961718
-1.7266680034787925
-9.1056684865642374
1.7097377385848218
3.8498652096251549
9.6843591909830486
-3.7662764481271207
3.9001206097988970
-0.7888765390818898
-5.4782694647552610
-2.0290361204135472
2.4911036210629582
-1.8827141066653454
-5.3220963815154247
-9.7059387681444136
-1.2994363789298404
7.7058867116419165
-1.5469538953641591
8.2238069294549963
-9.5096117549634123
-8.9337946918354838
-2.2188265625560066
-6.7966958772277684
9.4364016207380406
1.4519909806575810
-0.1501128037861866
-1.0805002228789133
-5.2619000735263066
-5.5129134611960904
-7.8335382598013670
1.5455107921577989
2.1319838447495281
0.6584182179499605
-0.6128426352355449
