-4.5223866476766554
-0.2365566621477158
-8.1830687891112479
-8.2181714233811931
5.3044873842931430
6.1298614255645649
-1.2895864133431638
5.1897153455191329
-9.3106275134562697
4.8020949752597595
7.8182867652208792
5.4715305293918517
3.8716882642161932
-9.9223182834182122
5.2931047029510490
-9.2229511916777529
8.1808175005440198
-3.0212450119684369
10.0610238917725550
-2.7664197464046341
1.4678889891671425
9.3939804374704501
-3.1550381370485940
9.2259506812737886
7.4611148041915687
2.1861470024160932
-1.2675819755838051
-4.1507825586510121
-6.4504012722583326
4.1558971947540062
9.3559196735488737
8.6876569130279346
0.0851237760383552
3.3722214418509395
1.1758274619794917
0.4581823196999930
-8.9475008093313058
-7.9434840960190289
-9.8663980878798530
-5.5055275137981878
7.3211068245954420
-4.4915817235025921
9.7906896507665397
2.9898149924018012
9.5128631682900977
0.1616383907019623
-8.9919988170073708
9.9065717568638085
-0.7638239599496541
-0.6737132704428649
9.0415368365615940
9.9112331144096704
-5.4924456057788769
4.1459341746238607
-7.2418275323432377
7.0699076805411032
-2.7642397805662502
7.3736598803903952
5.6915876429817933
9.5273878858458865
-7.7932317054474582
0.4116583037594101
-1.3369481192268653
-6.5791678328273626
9.3840363135202676
-5.9789310066491543
2.2489523286630053
-4.1107957155750601
-8.7755870749215372
9.2653239146039539
-3.5759151904761293
-7.8600921372935533
-2.7681934284851710
-6.0221923737146792
9.4892547326368248
-6.0358084108696550
2.1855598737029291
2.6150149017109077
-0.3466698266015616
-4.0098083101031046
2.7944927801947537
-0.6327633216168408
6.5585923415560439
-1.2229915060247691
1.2296622541627966
-7.7824212591621178
-1.6234753005962597
-0.2295181182645027
9.5543819345317420
4.3218790059305077
4.8998836711578795
4.3863170315428350
-1.0837351219867701
-1.1589489908028747
-0.5704839878749131
-3.4703872128294644
-5.8808319249092627
-5.9167409877417994
4.3022824899046581
-6.2426390541408008
2.5191602839936742
5.2545658478995803
-8.9782694893248483
-4.7554570448091615
3.5014113338955273
-4.8896332824333006
-7.4419517364529808
-9.7995776479364416
8.9428036659049450
-5.7247153266745459
-7.3923150855334434
9.1944187036097613
-3.3929207313915524
-4.8606267562762380
8.4220889861119552
-6.5930824520882370
2.5215639637420759
-3.8684410748968290
1.6395022988540306
9.5082206917447856
9.4961630481423143
6.7646033109773258
-8.8444630552271715
-6.6575985884889564
-1.1401154401929887
4.7450317721909858
-7.6272350503010431
7.3318435285754857
4.5498726118385813
-0.9354984942510244
0.6814474873417351
2.6433029478433485
-9.3164136730635221
-5.0267442523839581
-6.2078751353282682
-7.2559730741412896
2.4805500788090211
5.2019412960762601
-0.3681963109369238
4.7885898918991749
-5.5475805467563033
-2.0528512741565281
-3.2192027477574290
7.7280495435177521
-2.8684472669001044
-2.0231385972936713
-7.9604261195314612
-7.6961153684040466
-6.0081357771669541
-4.9808202304410942
4.0315896504272484
4.0497326251702921
7.8538654471211409
-0.4716497550638067
1.3926386381036522
2.7534815962469716
-6.7829489614141698
-0.3284446754783262
6.4813459677588074
8.0209236383827598
1.2153707840706962
4.8474267157582185
0.1008163067919870
-6.3178171118448319
2.1640362954659249
4.7361348256184099
8.3120230989100978
0.2010155070549689
-4.0592408492010570
4.7889728673086163
-6.2396421476671708
2.0789050006733492
4.0916444452728138
-2.5127729502256453
-6.7338594596113923
6.5137969706136829
7.5450559343590768
-1.7273965934651154
-9.1094567944253573
1.7093582705622143
3.8507300946148670
9.6878900811445359
-3.7675016272356121
3.9007075295993476
-0.7880838649665749
-5.4796303442502916
-2.0287760078592845
2.4931892669336455
-1.8826749839065728
-5.3224514465200379
-9.7102335975079033
-1.2972533630982337
7.7091176055460826
-1.5469758243127385
8.2256493686626975
-9.5113763501709307
-8.9376922023565122
-2.2187665739418527
-6.7979036876307184
9.4392608892533545
1.4543151225763156
-0.1502636738902671
-1.0796706965557601
-5.2632152895517894
-5.5153187669646595
-7.8371829496148226
1.5463635626775805
2.1333655636763651
0.6580957599424426
-0.6129572256450151
