-4.5282564814774737
-0.2401012311797583
-8.1876952687011020
-8.2219860091708945
5.3068910590795335
6.1312506980193833
-1.2906082665641729
5.1925866772201408
-9.3139334408937167
4.8036032022908470
7.8214489180640694
5.4748234651316032
3.8745692370299105
-9.9275010690101180
5.2957830380543527
-9.2248862191078480
8.1836441397106672
-3.0232053690384433
10.0675582986338306
-2.7666899504394515
1.4691503397251948
9.3973385054369309
-3.1571437153425692
9.2277459290698278
7.4667172022315462
2.1846032407290599
-1.2686042759106837
-4.1515039035476402
-6.4551495876453711
4.1562938628051835
9.3580482145057378
8.6910892749070303
0.0852903586060435
3.3750383990896933
1.1765325917468954
0.4580812097817694
-8.9495696122431010
-7.9496417296236048
-9.8696304294389368
-5.5053744940696552
7.3244905395656579
-4.4933390835943925
9.7981293728180034
2.9924598866877656
9.5186183574337182
0.1618638896615972
-8.9967036602950596
9.9105432592851965
-0.7647069910143620
-0.6707164888157742
9.0464751696031040
9.9137539500821550
-5.4955877955853261
4.1477251118264560
-7.2456753891268306
7.0733764921468287
-2.7655882510113234
7.3772719242039138
5.6942689245962415
9.5330484232701664
-7.7955820676067038
0.4133296252792106
-1.3407095964244413
-6.5827112303614692
9.3884115583280323
-5.9819606089963697
2.2501265007746039
-4.1125394065021013
-8.7820304258641944
9.2702587052640908
-3.5776134702378375
-7.8611866137806663
-2.7685934582455225
-6.0247342275552649
9.4932795555611662
-6.0368647436541361
2.1857913957907686
2.6156690567188079
-0.3464530934477156
-4.0112568679633132
2.7951830886343911
-0.6326525459071294
6.5593214567694895
-1.2243298797552253
1.2313162283163608
-7.7862083439212117
-1.6238159950820146
-0.2290878714616817
9.5576264633788117
4.3234467495686397
4.9017197748004264
4.3873591045236999
-1.0828417514656026
-1.1588962506600420
-0.5733667700430031
-3.4725338796816425
-5.8833840762456395
-5.9183145553134988
4.3058226732843297
-6.2452061568415314
2.5194953663689148
5.2545549703084795
-8.9808665702295887
-4.7580574826254844
3.5007278740625503
-4.8936476973780145
-7.4465708724404402
-9.8014699271586867
8.9460610900332576
-5.7260654426501949
-7.3984294694649186
9.1986648027402751
-3.3962049653687130
-4.8661326673055632
8.4282639451755088
-6.5961833387698441
2.5223887595222880
-3.8711879034331274
1.6390870418173866
9.5136927758378835
9.5011920529933462
6.7664321482983265
-8.8496816876390927
-6.6615330015705281
-1.1390235318392674
4.7465312180366395
-7.6324669264916603
7.3341970144216075
4.5503007302427108
-0.9326830197091255
0.6835930157915544
2.6446217346402503
-9.3209294616671663
-5.0276850905779860
-6.2100359652307464
-7.2577441133869236
2.4813791654681316
5.2063776095254495
-0.3679926485696815
4.7945268980412683
-5.5502606514750328
-2.0550211865298871
-3.2204115792076444
7.7303722841572151
-2.8702013960297670
-2.0226520157725005
-7.9653645960646173
-7.6972213045972309
-6.0099007356803673
-4.9821786719000603
4.0342320865118975
4.0500949434308797
7.8568336966439549
-0.4749515487544718
1.3948560382082187
2.7531240495754004
-6.7844635606742054
-0.3332121844190540
6.4838807361441493
8.0242839473742222
1.2167959706990072
4.8495382489410508
0.1001430242544168
-6.3235660703095773
2.1651097580959044
4.7371514366465393
8.3142226033493127
0.2003250787658673
-4.0586726757592482
4.7923377033695242
-6.2433615777602451
2.0812841883706024
4.0941290213925310
-2.5141894160691751
-6.7349666921795546
6.5153886048312613
7.5478044869915406
-1.7292366680191409
-9.1140043980420948
1.7095929626752748
3.8523800769724308
9.6919025679399766
-3.7693071862155514
3.9020291464787498
-0.7879044895347302
-5.4818663970658097
-2.0287946043871088
2.4960224362344672
-1.8831214221188166
-5.3234158759861385
-9.7156183702532690
-1.2949317795595052
7.7130048964531719
-1.5476183895918563
8.2281290093473665
-9.5132973896428510
-8.9425883910449873
-2.2194705350712587
-6.7996239989210085
9.4425781203077950
1.4583555553726613
-0.1515353509982829
-1.0791803907461448
-5.2650065938096615
-5.5190499148377832
-7.8418272776727980
1.5480098241367191
2.1356184255905717
0.6588178450943939
-0.6139760133949286
