1.094613974001332963e+03 -1.907656205336746499e-02 1.789777679689414161e-02 -4.045352747627130666e-03 -8.833234443042591033e-03 -2.432076486121904912e-04 3.060047117239620557e-03 1.636398068393143251e-02 1.107856713865681964e-02 1.519255349542892458e-02
-1.907656205336748581e-02 1.094616862229286653e+03 2.349755736548165067e-02 -1.726357465982381999e-03 1.047634038219805684e-02 -1.829149200444190812e-02 -2.247880667739065707e-04 4.470429453544824683e-03 3.728021110078527656e-03 9.686615522674572876e-03
1.789777679689407916e-02 2.349755736548156740e-02 1.094593653115250618e+03 -2.834135874822811541e-02 7.628711150523333640e-04 6.012834167835896110e-03 -1.594561127616497820e-02 4.571339292519962030e-03 -2.017332635116129980e-02 1.054871742755662811e-02
-4.045352747627136737e-03 -1.726357465982384168e-03 -2.834135874822814663e-02 1.094644632786606053e+03 -1.266870305168462697e-02 -1.102399910196717736e-02 1.290161071461982771e-03 -1.559960877435197929e-02 1.294785810138365800e-03 4.309834259963007952e-03
-8.833234443042587564e-03 1.047634038219808460e-02 7.628711150523265335e-04 -1.266870305168462697e-02 1.094664189773411181e+03 2.124279438476147155e-02 1.889421003463639384e-03 -3.901298181526182633e-03 -1.943079141298320600e-04 -1.116807507642633701e-02
-2.432076486121626815e-04 -1.829149200444193241e-02 6.012834167835901314e-03 -1.102399910196717910e-02 2.124279438476148890e-02 1.094629905886637061e+03 1.187173979158618296e-02 1.552782022834128979e-02 1.711220858365142261e-03 3.130908168028856409e-03
3.060047117239584127e-03 -2.247880667739383920e-04 -1.594561127616498167e-02 1.290161071461954148e-03 1.889421003463613146e-03 1.187173979158618990e-02 1.094628685928783398e+03 1.546172028222806208e-02 -2.260411680303826831e-02 4.233621240191623447e-03
1.636398068393141170e-02 4.470429453544816009e-03 4.571339292519953357e-03 -1.559960877435198449e-02 -3.901298181526150974e-03 1.552782022834136265e-02 1.546172028222801871e-02 1.094640179620299477e+03 -9.737358713545821165e-03 -3.638710058029570593e-04
1.107856713865678147e-02 3.728021110078544569e-03 -2.017332635116130327e-02 1.294785810138430202e-03 -1.943079141298466967e-04 1.711220858365115156e-03 -2.260411680303829260e-02 -9.737358713545824634e-03 1.094649227929168319e+03 6.780442505115946705e-03
1.519255349542895060e-02 9.686615522674604101e-03 1.054871742755662811e-02 4.309834259962999278e-03 -1.116807507642630232e-02 3.130908168028850771e-03 4.233621240191633855e-03 -3.638710058029355921e-04 6.780442505115974461e-03 1.094615683065544999e+03
