5.377391028562751599e+05
6.484245614869765704e+05
4.540367275926433504e+05
8.902096845513767330e+05
4.768285271829884150e+05
1.617594959108272269e+04
9.168494710916493786e+05
6.891077974272919819e+05
8.642737949168435298e+05
9.995039203256308101e+05
5.346542408706720744e+04
2.468598975534790079e+05
6.651987893841242476e+04
4.428025487178122858e+05
9.071471884710383601e+05
8.571715551519513247e+04
4.968368674597618519e+05
1.318386456139908696e+05
8.116431141314064153e+05
8.836165601135704201e+05
4.546184576904708229e+04
5.108340579742895789e+05
2.514166753717833490e+05
1.000237005738894572e+06
9.912255450253091985e+05
6.447206584403363522e+05
1.022304413028097362e+06
3.621549093449010397e+05
9.428747892200259957e+05
4.563884123680015909e+05
2.476399020258313394e+05
9.880071814679794479e+05
7.185292291383561678e+05
6.816665776494104648e+04
9.140736247543147765e+05
7.365520645915017230e+05
6.352618799822863657e+05
7.691009634499321692e+05
2.661481336984620430e+05
6.306013925514850998e+05
8.554694880167056108e+05
5.682728910046417150e+04
1.370553375182226591e+05
8.846915235946754692e+05
6.493537723003149731e+05
5.579300424744244665e+05
2.607416476662698551e+05
3.098757425329157850e+05
9.164483621544814669e+05
4.428109776599100442e+05
6.766123937663601828e+04
9.419657333772281418e+05
2.135796571253963921e+05
8.676599866683547152e+05
9.259883786664892687e+05
5.111595677354071522e+05
6.284756163537378889e+05
5.537081052402167115e+05
6.561539087707506260e+05
8.979190938915908337e+05
2.962877441675362643e+05
9.280728114163175924e+05
5.961579957880511647e+05
1.208750657164540462e+05
2.383844842699507717e+05
6.258688703407101566e+05
2.514536285986303410e+05
1.380056914258452598e+05
1.699638342309658765e+05
8.872399156603522133e+05
6.323810448648352176e+05
1.011886631250042818e+06
3.630138175649488112e+05
6.254936032940725563e+05
6.290223023998950375e+05
6.465797478589245584e+05
6.214477172564944340e+04
7.879429784155691741e+05
9.957589505627523176e+05
5.614913940614518942e+05
2.022120432902459870e+05
7.906825552783093881e+05
7.685999477593477422e+03
3.447170098473691032e+05
9.636211056085112505e+05
6.178719204219180392e+05
8.980751087332164170e+05
6.349942411373410141e+05
8.638275880817159778e+05
9.235865895851444220e+05
3.370827421124932007e+05
1.291205431257468008e+05
7.574741990626436891e+05
4.624289340286905644e+05
1.330910999240272213e+05
6.194012448674059706e+05
3.787701404779167933e+04
2.102205459579556191e+05
8.278317633910744917e+05
1.270338843849546174e+04
3.185574169739651261e+05
2.244787896153313341e+04
1.047505353623652598e+06
6.112167432986770291e+05
3.080880676209105295e+05
9.755330076584792696e+05
5.325497129686026601e+05
4.774934755542922067e+05
6.173512117300392129e+05
2.773832296615781379e+05
3.205974395393859595e+05
3.902917799944814178e+05
2.567062014677944535e+05
6.138602573797396617e+05
7.307403778905562358e+05
7.555512314692739164e+04
1.019779783359157038e+06
7.908345442564465338e+05
8.465894340441809036e+05
7.893325793541058665e+05
8.407577774876105832e+04
5.058516901974593056e+05
4.680218823889599298e+05
7.061947995556857204e+05
4.712398557033000980e+05
7.396322800099140732e+05
7.158274796051793965e+05
7.321080977525456110e+05
6.496214431358989095e+05
1.585519176685433777e+05
7.989540554454275407e+05
8.202125301039316691e+05
9.494405918512146454e+05
2.454913905214045080e+05
1.855386983571184974e+05
4.107114142086236388e+05
3.366398703339234926e+05
8.563702234550788999e+05
6.442920944534777664e+05
7.981132008860755013e+05
4.491110461164638400e+05
1.044271497262221383e+05
1.208036075456760154e+05
3.921321874166798079e+05
2.035685633173780516e+05
8.619040731458223891e+05
6.297056963270555716e+05
7.233884147796599427e+05
5.157374335693459725e+05
9.259529057048002142e+04
2.468659298961524619e+05
4.847498237479013042e+05
2.085501778426792007e+05
2.675375403474774066e+04
7.659744581855535507e+05
7.612687773749758489e+05
3.469597771551419282e+05
8.857924198102427181e+05
4.499274001324495766e+05
9.080471461528203217e+05
6.900149772436730564e+05
6.101725703510330059e+05
2.107932874973602593e+05
5.561015238187087234e+05
9.392850891593114939e+05
3.202883587323882384e+05
9.146204738676173147e+05
9.543156387696135789e+05
3.463851186902326881e+05
7.173281694866112666e+05
9.443137755291112699e+05
7.949282551061418781e+04
9.226459943035282195e+05
2.004092871997409384e+05
8.923818732892774278e+05
7.005724772971390048e+05
3.616066164670796134e+05
1.589665269481558644e+05
6.672325978417164879e+05
8.903016610848610289e+05
8.630622647708607838e+05
6.597436097578288754e+05
1.004256694806936197e+06
6.195057053060865728e+05
2.077533975457003398e+05
4.508601683946258854e+05
3.536326213897992275e+05
1.041687594032949884e+06
3.993040326369990362e+05
1.042481355078223860e+06
5.448204728796366835e+05
1.809189246927116183e+05
7.831369248116378731e+04
3.888752338095976738e+05
1.296078906176400196e+05
6.663376253790147603e+05
4.346764999699948239e+05
1.040606609974161023e+06
9.765896794629729120e+05
1.567196708643214952e+05
4.146841966592787066e+05
4.847263541205885704e+05
5.890783738509403775e+05
8.194960581681444310e+05
5.116250174566833884e+05
4.410547441769847064e+05
2.751380926756216213e+05
9.564799102338565281e+05
2.338835001111299425e+04
8.622983042880928842e+05
1.979194503302723460e+05
7.201452280615989584e+05
3.730219199174641981e+05
1.023066018793868949e+06
1.289287183298756572e+05
1.969758683533515432e+05
9.340449093557544984e+05
6.126621261301719351e+05
3.247539899484708440e+05
8.027133728961358656e+02
2.390109519408818742e+05
1.526951319795329182e+05
2.136352830852793704e+05
9.412699967769008363e+05
9.168769978039861890e+05
7.354065313867256045e+05
4.940914928458249778e+05
8.686139704957298236e+05
5.206903360492825741e+05
3.817163848781185225e+05
2.894236340989696328e+05
9.711133408817693125e+05
4.063953935330389068e+05
5.175971168753732345e+05
2.671972987368362956e+05
9.293445113731388701e+05
4.024828223217561026e+05
3.124970437079340336e+05
7.535798575672134757e+05
2.004413661757530645e+05
1.241195902549510793e+05
8.789703265726165846e+05
7.814517351713125827e+05
6.201331094065923244e+05
2.550717599118929938e+05
6.545008338887818391e+05
6.703666046549822204e+05
3.439959008942470537e+05
7.087370344317621493e+04
9.246945716873107012e+05
4.830219662048226455e+05
8.021782763768831501e+05
2.666202564756903448e+05
6.210431860361748841e+05
4.502977453347010887e+05
4.012616636923184269e+05
1.330676145705294621e+05
2.565158008734780014e+05
8.332027448845328763e+04
3.180455830686647096e+05
7.788987274088951526e+05
6.458566252416508505e+05
7.061301563362136949e+05
8.803471481604019573e+03
7.123952217167908093e+05
5.284134396205110243e+05
2.424876881080660969e+05
1.836669629621331405e+05
1.942592262736606644e+05
8.865966935840465594e+05
1.031863227615589625e+06
9.595605214050315553e+05
3.647887756284041679e+05
8.193501435006601969e+05
5.738573925663811387e+05
8.573841307825077092e+05
5.079841780590672861e+05
6.195353274665648350e+05
8.267419461957541062e+05
1.052610464799856127e+05
5.639361737747848965e+05
3.843361423866593395e+05
6.346106972542266594e+05
1.006883125013788813e+06
4.125216301978748525e+05
4.126791881610013661e+05
8.302846763818924082e+05
6.774268572401590645e+05
4.136359328497152892e+05
7.235037333500392269e+05
4.242608610555171617e+05
1.429387564022759034e+05
4.732414514204083243e+05
3.511893480514781550e+05
2.288993117233603552e+05
9.721991785363305826e+05
7.242224483467676910e+05
6.288496838373747887e+05
7.840997497906738427e+05
5.691490252315764083e+05
7.356623675984743750e+05
9.772241616696063429e+05
9.058739158078841865e+05
1.758384872277575196e+05
2.763345351195300464e+05
7.520129360049612296e+04
1.027749853823232930e+06
2.482379328406151326e+05
6.937250506831475068e+05
9.412538226823040168e+04
2.213403558225886663e+05
5.280392975578635233e+05
1.102167548393284669e+05
4.083740721738525317e+05
5.649659162823873339e+05
3.562141006641888525e+05
5.837766509297516895e+05
5.636853966661314480e+05
4.101982038257336826e+05
7.311856116367685609e+05
7.125059683170771459e+05
7.217690277898381464e+05
5.896480744596595177e+05
3.760364032332372153e+05
6.438578042489835061e+05
9.826602069782797480e+05
6.268203752262083581e+05
1.028713220056514256e+06
4.631216185982055613e+05
7.767009161542376969e+05
3.948958145032804896e+04
8.030750147286154097e+05
5.442716275356778642e+05
5.583152996261473163e+03
2.911007380428939941e+05
5.616522252585280221e+05
8.064735415942061227e+05
5.575503934628688876e+04
5.765865434286453528e+05
8.411616389135615900e+05
6.821573896730977576e+05
9.781558637322167633e+05
7.847895050394930877e+04
2.906873311426189612e+05
9.653340690192310140e+05
8.033674922748783138e+05
6.298152736408972414e+05
8.747385869631152600e+05
9.409769220389385009e+05
1.021498912184022483e+06
1.048592835839072475e+06
1.466522611399135494e+05
7.407947884510099539e+04
7.715073532969776716e+04
1.548312820636566539e+04
1.020553476357171661e+06
9.951915061600400077e+04
8.839470050519807264e+05
7.195320386487742653e+05
5.120064355407205294e+05
3.640804345047331881e+05
3.713820115350671113e+05
2.665680132993492298e+05
9.567023399507869035e+05
7.620310138161173090e+05
2.722591082602109600e+04
4.846649146896004677e+05
2.954075521347551839e+05
3.041874907256406368e+04
9.290456191155622946e+05
8.096685918139066780e+05
3.462701556876610848e+05
8.365032477960595861e+05
3.409178205700686085e+05
3.233216783980524633e+05
9.746505297909376677e+05
1.025905123435702175e+06
5.498097819726679008e+05
9.996713948025889695e+05
9.325264120033935178e+05
5.440101358232374769e+05
3.914408521266878815e+05
7.459764078026423231e+05
4.784923645602497854e+05
6.355622219361067982e+05
1.040071603520788718e+06
8.127254926292721648e+05
3.510392296962506953e+05
9.346119739510337240e+04
1.941779680239118170e+05
5.532716533413809957e+05
4.380186603875101428e+05
8.408099854987560539e+05
9.799991795607821550e+05
1.867840209073543956e+05
9.031961510749587324e+05
1.005404943370021065e+06
1.007584708536249120e+06
3.976125896550808102e+04
6.047112337925822067e+04
6.088124916095238405e+03
3.283610336444930872e+05
5.849149639663800190e+04
3.085986727970404900e+05
3.738694632228030823e+05
1.001500604517797590e+06
5.008683378982801223e+05
2.921911387100451393e+05
5.282291568031500792e+05
6.756200498442066601e+05
1.168242918880814541e+05
7.960758076031854143e+05
8.946678828808381222e+05
8.865860473743818002e+05
9.351626353497395758e+05
4.009904688700457336e+05
4.660604622097426327e+05
1.066754235158702650e+05
2.371303473144281888e+05
1.020028799338591169e+06
2.988968764720133040e+05
9.528988924131589010e+05
9.352104168394550215e+05
9.687648865441773087e+05
1.639799460005239525e+05
9.238371355407136725e+05
6.636872987105707871e+05
2.211904329881932645e+05
3.624222345814852742e+05
1.679381566606358683e+05
4.666306667322538560e+05
8.797595531823963393e+04
1.736086142656577285e+05
2.070850769326227310e+05
7.256799732497257646e+05
6.025771035033502849e+05
9.171172391357965535e+05
2.569015912191329116e+05
6.611805868099830113e+05
3.615787612087172602e+04
5.420840325013834517e+05
9.065143146887068870e+05
1.033477064645539736e+06
1.036808456410374311e+04
2.655205799694804009e+05
2.350749676050572307e+05
4.992147332897049637e+04
1.068255887741853076e+04
5.147769006959970575e+05
4.776292550343409675e+04
2.922853054568462539e+05
6.720670528536053607e+05
3.094698149653540459e+05
2.831769691425641649e+05
6.201603399598768447e+05
3.996165419509863714e+05
7.377521042745994637e+05
5.210028408412070712e+05
6.649624940961648244e+05
3.711158414406569791e+05
3.014381935868438450e+05
1.398870132424957992e+05
9.840717192533483030e+05
8.451955700596434763e+05
9.850674039353609551e+05
1.946767254192868131e+05
9.799502971578068100e+05
9.826779670028971741e+05
2.977632831790702185e+05
2.884062097363863722e+05
5.790839720609174110e+05
1.945808671317068220e+05
4.642709444823153899e+05
1.946106714156970265e+05
9.948835077405874617e+05
5.185882432014642400e+05
1.012254870809610235e+06
6.772832288978488650e+05
5.086025317314747954e+05
1.016221819595991052e+06
1.503702676919302030e+05
6.640390256836176850e+05
6.950797723635763396e+05
4.555953697315845639e+05
6.233378798040383117e+04
5.174309050906753982e+05
4.884587857229257934e+05
8.472023442535140784e+05
2.695316475274802069e+05
4.110592266518800752e+05
2.522160200751654920e+05
7.208661589397119824e+05
1.039522664664799464e+06
1.863270213124235743e+05
8.626394224964568857e+05
2.425718274576044932e+05
6.088310131787144201e+04
1.457776936083418259e+05
9.820478029596841661e+05
9.330994115832732059e+05
3.037659162858719355e+05
9.952911261938873213e+05
8.925515878630101215e+05
4.564511773293246515e+05
4.915206117934357608e+05
6.614379559890532400e+05
1.659565726318048837e+05
1.552336064225687551e+04
2.788265140596409328e+05
1.621805733568013056e+04
7.083225966427556705e+05
5.791230893299584277e+05
3.377776652102828957e+05
8.193267629317655228e+05
1.530960496380044497e+05
2.571605521831972874e+05
3.069722714684303501e+05
2.057572293162703863e+05
9.234852334246686951e+04
9.136024766342594521e+05
9.261098591645674605e+04
7.179960195051624905e+05
1.264385805154954869e+05
1.123552167253875086e+04
5.852132889149803668e+05
9.525973986863394966e+05
9.036055922206668183e+05
3.554235471173747792e+05
2.852075991538323069e+04
8.410196497397650965e+05
8.464022677543766331e+05
9.120397771837929031e+05
7.032270347752714297e+05
8.482861375453802757e+05
9.425046928075855831e+05
4.765879644044959568e+05
5.857983145216607954e+05
5.315118383284560405e+05
7.266844947396796197e+05
7.171522698257939192e+05
5.464055464556070510e+05
8.700129642685855506e+05
5.311424595335928025e+05
8.662223568544484442e+05
2.959786373887015507e+05
1.874457017878718034e+05
1.018506191722151358e+06
7.791451843006697018e+05
2.728193618581413175e+05
6.103822405901309103e+05
1.003165335708128056e+06
8.480339621878272737e+04
8.772315908053032763e+04
6.501822430195467314e+05
2.357510785040258197e+05
8.035552823750496609e+05
5.966434459813655121e+05
6.995951197586968774e+05
1.132203997657044529e+05
8.850956254886803799e+04
6.564687229704433121e+05
4.302778530679565738e+05
9.162793655212942394e+04
3.896715085107310442e+05
7.058501145557244308e+05
1.990945452094649663e+05
9.406467997569850413e+05
9.974779107184885070e+05
1.009792065593477106e+06
7.666936585295973346e+05
4.266623719092357787e+05
7.810456694344289135e+05
3.024284189840696054e+05
3.301841755709864665e+05
6.362799838548642583e+05
6.246766292380040977e+05
9.227227512201596983e+05
2.673681111720906920e+05
8.046100392118091695e+05
9.882018069965540199e+05
1.084752102857202090e+03
4.999633373481834424e+05
6.899886163838430075e+05
8.856129344327958534e+05
1.929532797699508083e+05
8.990926345898375148e+05
3.826371564900780795e+05
9.370183722095913254e+05
2.910138054816309523e+04
8.967215767347704968e+04
1.030624764931504498e+06
6.400663333346572472e+05
4.385751330391118536e+05
1.776996808296597155e+05
6.824914109421828762e+05
3.882920464541116235e+04
3.272402570644165389e+05
3.397005600220494671e+05
6.379029791343586985e+05
6.834681724958223058e+05
8.884812930622578133e+05
9.740959133024703478e+05
6.935773771903946763e+05
6.071673036159807816e+05
4.187097368783194688e+05
1.015084720144424704e+06
1.618057253824004729e+05
9.399722913107576314e+05
3.266092620647456497e+05
5.759939249584547943e+05
7.162695154050297569e+05
2.483277921372449200e+05
1.761481099569515500e+05
5.339806408960414119e+05
8.315731032812088961e+05
7.271366388897075085e+05
1.249394496559953259e+05
9.459113034549825825e+05
5.037947606945959851e+05
9.941492185917226598e+05
5.811864815638611326e+05
8.905434221314912429e+04
2.126158577541924315e+05
8.970750142413256690e+05
7.413271779403034598e+05
9.398176270560494158e+05
3.456515235721105128e+05
5.544788212092563044e+05
6.830133567199525423e+05
6.240924836955899373e+05
2.430699734505977249e+05
4.482249515188563964e+05
2.605533978421498032e+05
8.880195985595198581e+05
1.036155853708878858e+06
6.990910703866336553e+04
7.497290152404039400e+05
3.466696970242353855e+05
6.567987947711544111e+05
2.710739788015980739e+05
6.836533556750437710e+05
3.897589326286971918e+05
3.096051087758889189e+05
9.574849157255492173e+05
9.897619077229545219e+05
6.443174411141441669e+05
2.252226062917809759e+05
9.865274778448323486e+05
7.880861835426270263e+05
7.887543369201429887e+05
2.223384191392401408e+05
8.717859860639889957e+05
2.521351202427264943e+05
6.632943558049909770e+05
7.463806784843591740e+05
7.796113679881952703e+05
4.098351420297368313e+05
7.979279825151507976e+05
9.482150276955863228e+05
6.168770874750360381e+05
9.494344525154899748e+04
1.354437189132872736e+05
1.105410777542523574e+05
1.813891198451172677e+05
1.327709396523473843e+05
8.173299868223306257e+05
4.138784956654755661e+04
2.536717329184659175e+05
9.231485026244611945e+05
1.022337450516995741e+06
6.357818492004197324e+05
1.025193207456629490e+06
4.563048605022866104e+04
9.961403663282931084e+05
3.269064958131210878e+05
8.390385532133162487e+05
8.512793540755745489e+05
9.031245116115446435e+05
4.815455339918555110e+05
9.773129548597909743e+05
2.708254323925646604e+05
9.813047025035537081e+05
6.501663280049203895e+05
1.034861559698663303e+06
3.428082204877163167e+04
7.615312239623545902e+05
5.939148267249615164e+05
5.171173994046457228e+05
2.722169974890844314e+05
3.432200952662389609e+05
2.619718782455655746e+05
2.302634519813999359e+05
8.397610764326524222e+05
5.275883718924149871e+05
8.736155542704465915e+04
8.159472437805674272e+05
5.604097396842192393e+05
7.764655221872368129e+05
5.412388828645383473e+05
4.200018117158435634e+05
1.035703612353474833e+06
2.965886892390401772e+04
9.795387505158343120e+05
9.775341048148514237e+05
4.105218936244132929e+05
2.252195400943449931e+05
6.502646826876476407e+05
1.868970443932345661e+05
8.434862824535653926e+05
2.666677835640048143e+05
3.053890466649353039e+05
9.618457730562884826e+05
9.481949613910563057e+05
5.622283770332754357e+05
9.061073561154537601e+05
3.702108605654457351e+05
1.047924701705481624e+06
4.554377850920437486e+05
3.095958186538273003e+05
4.365905399955504981e+04
1.039337317574766697e+06
4.882001235822128947e+05
7.714218928954536095e+05
6.729418912157173036e+05
7.593540112992771901e+05
5.367393605435179779e+04
9.661824773265046533e+05
9.733190835887659341e+05
5.796756656382502988e+05
1.012252941910400405e+06
2.950444749590121210e+05
6.323421915822728770e+05
4.163438869712625747e+05
6.595164057800077135e+05
3.157079499967984157e+05
8.604463501198901795e+05
7.328546933872306545e+04
4.397760093196131493e+04
5.187346676724701683e+04
1.579998100877153047e+05
4.151759313006375451e+05
1.003299505695228698e+06
1.163514627040932828e+05
6.800254991708147572e+05
5.540798924592882395e+05
3.709563223723300616e+05
2.081382213870416454e+05
2.316560870771479676e+05
4.601903505756433151e+04
7.489266854902503546e+05
6.866280225316260476e+05
4.660232677780154045e+05
7.549917822917390149e+05
1.154909039976813510e+05
9.857926776785970433e+05
8.901322340004269499e+05
6.920840137964898022e+05
3.978282496429933235e+05
4.374560984226107248e+05
5.063322852757234359e+05
9.821850112581189023e+05
9.068991461826758459e+05
5.018900577674624510e+05
5.823256555119642289e+05
9.193023057896746323e+05
9.968667336234509712e+05
6.712376436655105790e+05
7.860560136599672260e+05
3.692576863783706212e+05
9.640642489076132188e+05
8.787122724220150849e+05
5.797395745850717649e+05
9.111356967170749558e+05
8.924900098260872765e+05
8.489503831291135866e+05
1.372466014630625141e+05
5.628812523729990935e+05
9.459542662978093140e+05
8.094863803239486879e+05
4.418104975546070491e+05
1.026917678429488209e+06
2.633485404967913637e+05
3.503396251730804797e+05
1.002050350244330009e+06
8.492695934674275341e+05
9.454889056998023298e+05
1.217076750927102330e+04
3.988082820558900130e+05
2.473325783657546854e+05
3.107751438039952191e+05
7.750034226855881279e+05
7.603951680065918481e+05
4.849570576004410977e+05
3.835917153633757262e+05
6.140118759453321109e+05
5.604713220614958555e+05
5.781892040427866159e+05
6.463411132490462624e+05
4.154886885119966464e+05
8.104174649537287187e+05
2.638001556175502483e+05
6.886448795911240159e+05
1.008557745303280302e+06
3.733029905423456057e+03
7.596350729222315131e+05
1.144607514472698676e+05
5.710565394564217422e+05
6.583536546242722543e+05
2.551300704692184227e+05
9.596699282554459060e+05
6.535193468055706471e+05
2.433133508281512768e+05
8.087516494828982977e+05
1.107979026313952345e+05
5.830679301095168339e+05
9.971782189139196998e+04
6.101183890004998539e+05
2.656661948519020807e+05
6.820353248567315750e+05
7.517231981292535784e+05
5.504716815087206196e+05
6.904938033813172951e+05
8.540777155678607523e+05
8.480061933171678102e+05
6.507568812595279887e+05
4.737236723383334465e+05
4.284072497503972263e+05
9.186132124064996606e+05
7.381813316091359593e+05
1.942088708716834954e+05
5.941016555071512703e+05
9.543815663279748987e+05
1.582465821963772760e+05
8.879174326118172612e+05
8.613327456737885950e+05
5.243813084988452028e+05
3.946856210420803836e+04
1.548992464743148594e+05
9.689058112182576442e+05
4.636901134956724127e+04
3.911782959069479839e+05
6.500823373236177722e+05
2.068243027379058767e+05
1.030277499313121545e+06
1.637968488958222442e+05
5.667422213072128361e+05
6.490024313674740260e+05
2.425732860858378990e+05
4.896927432579588494e+05
5.156308985354645411e+05
8.053178359031245345e+05
6.660877292521225754e+05
4.909960460867831134e+05
7.003874033451741561e+05
4.761126872151802527e+05
5.520742193341105012e+05
6.915929505565208383e+05
1.902816905285698886e+05
8.275674911709745647e+05
6.330969451908419142e+05
1.029493138414514717e+06
2.335349378205174580e+05
4.896481119844180066e+05
9.405551155465095071e+05
6.315932042951622279e+05
7.623631735269810306e+05
4.344142899944317760e+05
7.186253590490065981e+05
9.934964444346388336e+05
2.102246919612717174e+05
8.478518177556147566e+05
1.018156975806224276e+06
1.529930655003784341e+04
2.260016053246498050e+05
1.232629744480213267e+05
8.059071542546928395e+05
8.528931393190062954e+04
1.048480524469315540e+06
4.091496840824944666e+05
9.505955291868019849e+05
1.980341174782938033e+05
4.629804132583226892e+05
8.871761902091969969e+05
6.251204498788262717e+05
4.853337470266214223e+05
5.383573389067595126e+05
6.026638965612476459e+05
4.623996871800485533e+05
2.032652839035440120e+05
1.196807640862753906e+05
1.588115053315476689e+05
5.512322947191068670e+04
5.866921132275240961e+05
8.902312679366488010e+05
3.771279010764808627e+05
7.908745083831065858e+04
4.470730291616913164e+05
6.321964276791989105e+05
4.467359417079744744e+05
8.513761216717074858e+05
9.891185587755842134e+05
9.135337815039184643e+05
7.393026331134134671e+05
4.938827723950818181e+05
7.169329870354478480e+05
1.409117286983316626e+04
1.031745991156224161e+06
1.807064175825616694e+05
9.517062252067473019e+05
8.475836510989468079e+05
8.402639430295276688e+05
2.824222858819323010e+05
2.301436166088972823e+05
4.503035481965075596e+05
8.919640790951963281e+05
4.729646304751831922e+05
9.823281645246117841e+05
3.703649772738168831e+05
6.504524900713287061e+05
1.029877668073397712e+06
6.757299447042192332e+05
4.777977230965172203e+04
4.868028834271741216e+05
3.515379537761942483e+05
5.588686218389550922e+05
2.990252432485074387e+05
1.283922429776097124e+05
7.018013227573912591e+05
7.155275881180930883e+05
9.106233325779496226e+05
1.390199936573479208e+05
8.386683220723465784e+05
8.682282952123945579e+05
6.789721513285468100e+05
2.151982467117728083e+05
2.745300435783604626e+05
4.394829630532870069e+05
5.689684108261247166e+05
5.013798378554481897e+05
4.909013486825000145e+05
8.819558056745743379e+05
9.137349620085114148e+05
8.577113292120251572e+05
9.218200992201119661e+05
5.996428710581329651e+05
1.012379199348227470e+06
6.369604298785587307e+05
6.342336079783022869e+05
3.353094052273153211e+05
7.153641981301545165e+05
5.457159881338696141e+04
1.412934919623737514e+05
1.367733723032924754e+05
6.880573538317391649e+05
1.841249222338785476e+05
3.582541376288274769e+05
4.653374130683986004e+04
2.454553194845590915e+05
1.012576818382560741e+06
5.346709898631930118e+05
1.586503712305157969e+05
5.492356091681093676e+05
9.908230858628990827e+05
9.090971519920236897e+05
4.117266072772817570e+05
2.981024962549656630e+05
7.999279381726364372e+05
2.525437779281979601e+05
2.669812630296964780e+05
8.830297698669755482e+04
9.074779121488472447e+05
4.703594817039060872e+05
5.899578827516785823e+05
7.736544423380946973e+05
8.364300160881221527e+05
4.699491097723870771e+05
1.933609141366032127e+05
8.702909214126615552e+05
3.255238430304920257e+04
9.942033969531083712e+05
6.059112748831046047e+05
9.192864312228229828e+05
6.390828563423628220e+05
2.642793956440094626e+05
3.109798014905201271e+05
5.596467513580849627e+05
1.010323086322735879e+06
1.937474358887806884e+05
5.354680278069551568e+05
3.610278769564598333e+05
8.083244099419388222e+05
8.431274278013919247e+05
4.458501341710334527e+05
2.143585061660975043e+05
7.045380689022528531e+04
2.086097733967684326e+05
2.860607782424641773e+05
6.288161018989229342e+05
9.168656051290157484e+05
1.346612677304693207e+05
